367499998260110020000578755002225
367499998260110020000598755002225
367499998260110020000638755002225
367499998260110020000678755002225
367499998260110020000698755002225
367499998260110020001998755002225
367499998260110020002038755002225
367499998260110020011058755002225
367499998260110020011068755002225
367499998260110020011088755002225
367499998260110020011098755002225
367499998260110020011108755002225
367499998260110020011118755002225
367499998260110020011128755002225
367499998260110020011138755002225
367499998260110020011148755002225
367499998260110020011158755002225
367499998260110020011168755002225
367499998260110020011198755002225
367499998260110020011208755002225
367499998260110030013298755002225
367499998260110030013308755002225
367499998260110030013318755002225
367499998260110030013328755002225
367499998260110020002018755002225
367499998260110020011078755002225
367499998260110020011178755002225
367499998260110020011188755002225
367499998260110020011218755002225
367499998260110020011228755002225
367499998260110030013288755002225
367499998260114150017238755002225
367499998260114150017258755002225
367499998260114150017278755002225
367499998260114160025288755002225
367499998260114160025308755002225
367499998260114160025328755002225
367499998260114160025528755002225
367499998260114160025548755002225
367499998260114160025568755002225
367499998260114160025608755002225
367499998260114160025618755002225
367499998260114160025628755002225
367499998260114160025648755002225
367499998260114160025658755002225
367499998260114160025668755002225
367499998260114160025678755002225
367499998260114160025688755002225
367499998260114150019688755002225
367499998260114150019738755002225
367499998260114150019828755002225
367499998260114150019838755002225
367499998260114150019848755002225
367499998260114150019858755002225
367499998260114150019878755002225
367499998260114150019888755002225
367499998260114150019898755002225
367499998260114150019908755002225
367499998260114150019918755002225
367499998260114150019928755002225
367499998260114150021508755002225
367499998260114150021528755002225
367499998260114150021548755002225
367499998260114160025278755002225
367499998260114160025298755002225
367499998260114160025318755002225
367499998260114160025518755002225
367499998260114160025538755002225
367499998260114160025558755002225
367499998260114160025578755002225
367499998260114160025588755002225
367499998260114160025598755002225
367499998260114150017308755002225
367499998260114150017358755002225
367499998260114150017378755002225
367499998260114150017398755002225
367499998260114150017408755002225
367499998260114150019648755002225
367499998260114150019658755002225
367499998260114150019668755002225
367499998260114150019678755002225
367499998260114150019698755002225
367499998260114150019708755002225
367499998260114150019718755002225
367499998260114150019728755002225
367499998260114150019748755002225
367499998260114150019868755002225
367499998260114160025108755002225
367499998260114160025138755002225
367499998260114160025148755002225
367499998260114160025768755002225
367499998260114160025788755002225
367499998260114160025798755002225
367499998260114160025808755002225
367499998260114160026008755002225
367499998260114160026048755002225
367499998260114150017388755002225
367499998260114150018438755002225
367499998260114150018458755002225
367499998260114150018468755002225
367499998260114150018478755002225
367499998260114150018488755002225
367499998260114150019938755002225
367499998260114150019958755002225
367499998260114150019968755002225
367499998260114150019988755002225
367499998260114150020118755002225
367499998260114150020128755002225
367499998260114150021518755002225
367499998260114150021538755002225
367499998260114160025118755002225
367499998260114160025128755002225
367499998260114160025758755002225
367499998260114160025778755002225
367499998260114160025998755002225
367499998260114160026018755002225
367499998260114160026038755002225
367499998260114190033218755002225
367499998260114190033228755002225
367499998260114190033248755002225
367499998260110020000558755002225
367499998260110020000618755002225
367499998260110030013278755002225
367499998260114150017318755002225
367499998260114150019978755002225
367499998260114150020138755002225
367499998260114150020148755002225
367499998260114150020158755002225
367499998260114160025098755002225
367499998260114160025168755002225
367499998260114160025188755002225
367499998260114160025198755002225
367499998260114160025228755002225
367499998260114160025248755002225
367499998260114160025258755002225
367499998260114160026098755002225
367499998260114160026248755002225
367499998260114160026258755002225
367499998260114160026268755002225
367499998260114160026278755002225
367499998260114160026288755002225
367499998260114190033198755002225
367499998260114190033208755002225
367499998260114190033238755002225
367499998260114150017338755002225
367499998260114150018688755002225
367499998260114150018708755002225
367499998260114150018718755002225
367499998260114150018728755002225
367499998260114150020488755002225
367499998260114150020508755002225
367499998260114150020528755002225
367499998260114150021198755002225
367499998260114150021208755002225
367499998260114150021228755002225
367499998260114150021238755002225
367499998260114150021248755002225
367499998260114150021498755002225
367499998260114160025158755002225
367499998260114160025178755002225
367499998260114160025208755002225
367499998260114160025218755002225
367499998260114160025268755002225
367499998260114160026058755002225
367499998260114160026068755002225
367499998260114160026078755002225
367499998260114160026108755002225
367499998260114160026238755002225
367499998260114150018618755002225
367499998260114150018628755002225
367499998260114150018638755002225
367499998260114150018658755002225
367499998260114150018668755002225
367499998260114150018678755002225
367499998260114150018698755002225
367499998260114150018798755002225
367499998260114150018808755002225
367499998260114150018818755002225
367499998260114150018838755002225
367499998260114150019398755002225
367499998260114150019408755002225
367499998260114150019418755002225
367499998260114150019428755002225
367499998260114150019448755002225
367499998260114150019948755002225
367499998260114150020178755002225
367499998260114150020188755002225
367499998260114150020198755002225
367499998260114150020218755002225
367499998260114150020228755002225
367499998260114150020448755002225
367499998260114160026088755002225
367499998260114150017248755002225
367499998260114150017268755002225
367499998260114150017298755002225
367499998260114150018278755002225
367499998260114150018648755002225
367499998260114150018738755002225
367499998260114150018758755002225
367499998260114150018778755002225
367499998260114150018828755002225
367499998260114150018848755002225
367499998260114150019438755002225
367499998260114150020208755002225
367499998260114150020418755002225
367499998260114150020428755002225
367499998260114150020438755002225
367499998260114150020458755002225
367499998260114150021218755002225
367499998260114150022638755002225
367499998260114150022648755002225
367499998260114150022658755002225
367499998260114150022668755002225
367499998260114150022678755002225
367499998260114150022688755002225
367499998260114160025238755002225
367499998260114150017288755002225
367499998260114150018258755002225
367499998260114150018268755002225
367499998260114150018288755002225
367499998260114150018298755002225
367499998260114150018308755002225
367499998260114150018318755002225
367499998260114150018328755002225
367499998260114150018338755002225
367499998260114150018348755002225
367499998260114150018358755002225
367499998260114150018368755002225
367499998260114150018748755002225
367499998260114150018768755002225
367499998260114150019518755002225
367499998260114150020468755002225
367499998260114160025718755002225
367499998260114160025728755002225
367499998260114160025738755002225
367499998260114160025748755002225
367499998260114160025818755002225
367499998260114160025828755002225
367499998260114160025848755002225
367499998260114160025868755002225
367499998260114150017658755002225
367499998260114150017668755002225
367499998260114150017678755002225
367499998260114150017728755002225
367499998260114150017738755002225
367499998260114150017748755002225
367499998260114150017758755002225
367499998260114150017848755002225
367499998260114150017858755002225
367499998260114150017868755002225
367499998260114150017948755002225
367499998260114150017958755002225
367499998260114150017968755002225
367499998260114150018788755002225
367499998260114150019528755002225
367499998260114150019538755002225
367499998260114150019548755002225
367499998260114150019558755002225
367499998260114150019568755002225
367499998260114160025698755002225
367499998260114160025708755002225
367499998260114160025838755002225
367499998260114160025858755002225
367499998260114160027008755002225
367499998260114150017438755002225
367499998260114150017458755002225
367499998260114150017538755002225
367499998260114150017548755002225
367499998260114150017558755002225
367499998260114150017568755002225
367499998260114150017578755002225
367499998260114150017588755002225
367499998260114150017598755002225
367499998260114150017718755002225
367499998260114150017768755002225
367499998260114150017778755002225
367499998260114150017808755002225
367499998260114150017838755002225
367499998260114150017888755002225
367499998260114150017908755002225
367499998260114150017918755002225
367499998260114150017928755002225
367499998260114150017938755002225
367499998260114160026958755002225
367499998260114160026968755002225
367499998260114160026978755002225
367499998260114160026988755002225
367499998260114160026998755002225
367499998260114150017418755002225
367499998260114150017608755002225
367499998260114150017618755002225
367499998260114150017628755002225
367499998260114150017688755002225
367499998260114150017698755002225
367499998260114150017788755002225
367499998260114150017798755002225
367499998260114150017818755002225
367499998260114150017828755002225
367499998260114150017878755002225
367499998260114150017898755002225
367499998260114150017978755002225
367499998260114150017988755002225
367499998260114150018008755002225
367499998260114150022398755002225
367499998260114150022418755002225
367499998260114150022438755002225
367499998260114150022458755002225
367499998260114150022468755002225
367499998260114150022478755002225
367499998260114150022488755002225
367499998260114150022498755002225
367499998260114150022508755002225
367499998260114150017428755002225
367499998260114150017448755002225
367499998260114150017468755002225
367499998260114150017478755002225
367499998260114150017488755002225
367499998260114150017508755002225
367499998260114150017518755002225
367499998260114150017528755002225
367499998260114150017638755002225
367499998260114150017648755002225
367499998260114150017708755002225
367499998260114150017998755002225
367499998260114150018048755002225
367499998260114150018068755002225
367499998260114150018088755002225
367499998260114150018108755002225
367499998260114150018128755002225
367499998260114150018428755002225
367499998260114150022278755002225
367499998260114150022298755002225
367499998260114150022328755002225
367499998260114150022408755002225
367499998260114150022428755002225
367499998260114150022448755002225
367499998260114150018018755002225
367499998260114150018028755002225
367499998260114150018038755002225
367499998260114150018058755002225
367499998260114150018078755002225
367499998260114150018118755002225
367499998260114150018388755002225
367499998260114150018408755002225
367499998260114150018418755002225
367499998260114150021918755002225
367499998260114150021958755002225
367499998260114150022108755002225
367499998260114150022128755002225
367499998260114150022148755002225
367499998260114150022518755002225
367499998260114150022528755002225
367499998260114150022538755002225
367499998260114150022548755002225
367499998260114150022558755002225
367499998260114150022998755002225
367499998260114150023008755002225
367499998260114160028478755002225
367499998260114160028498755002225
367499998260114160028508755002225
367499998260114150017498755002225
367499998260114150018378755002225
367499998260114150018398755002225
367499998260114150021928755002225
367499998260114150021948755002225
367499998260114150021968755002225
367499998260114150022568755002225
367499998260114150023018755002225
367499998260114150023028755002225
367499998260114160027448755002225
367499998260114160027478755002225
367499998260114160027508755002225
367499998260114160027618755002225
367499998260114160027628755002225
367499998260114160027638755002225
367499998260114160027648755002225
367499998260114160027658755002225
367499998260114160027668755002225
367499998260114160027688755002225
367499998260114160027708755002225
367499998260114160027728755002225
367499998260114160028458755002225
367499998260114160028468755002225
367499998260114160028488755002225
367499998260114150018918755002225
367499998260114150018928755002225
367499998260114150018948755002225
367499998260114150018958755002225
367499998260114150020518755002225
367499998260114150020608755002225
367499998260114160026168755002225
367499998260114160026348755002225
367499998260114160026718755002225
367499998260114160026728755002225
367499998260114160026738755002225
367499998260114160026748755002225
367499998260114160026758755002225
367499998260114160026768755002225
367499998260114160027398755002225
367499998260114160027418755002225
367499998260114160027428755002225
367499998260114160027438755002225
367499998260114160027458755002225
367499998260114160027468755002225
367499998260114160027548755002225
367499998260114160027608755002225
367499998260114160027678755002225
367499998260114160027718755002225
367499998260114150018968755002225
367499998260114150021938755002225
367499998260114150023038755002225
367499998260114160026118755002225
367499998260114160026128755002225
367499998260114160026138755002225
367499998260114160026148755002225
367499998260114160026158755002225
367499998260114160026318755002225
367499998260114160026328755002225
367499998260114160026338755002225
367499998260114160027378755002225
367499998260114160027388755002225
367499998260114160027408755002225
367499998260114160027498755002225
367499998260114160027518755002225
367499998260114160027528755002225
367499998260114160027538755002225
367499998260114160027558755002225
367499998260114160027568755002225
367499998260114160027578755002225
367499998260114160027588755002225
367499998260114160027698755002225
367499998260114160027778755002225
367499998260114150017328755002225
367499998260114150017348755002225
367499998260114150017368755002225
367499998260114150018098755002225
367499998260114150018138755002225
367499998260114150018248755002225
367499998260114150018448755002225
367499998260114150018938755002225
367499998260114150019818755002225
367499998260114150020168755002225
367499998260114150020478755002225
367499998260114150020498755002225
367499998260114150023048755002225
367499998260114160026298755002225
367499998260114160026308755002225
367499998260114160026948755002225
367499998260114160027598755002225
367499998260114160027738755002225
367499998260114160027748755002225
367499998260114160027758755002225
367499998260114160027768755002225
367499998260114160027788755002225
367499998260114160027808755002225
367499998260114160027828755002225
367499998260114150019458755002225
367499998260114150019468755002225
367499998260114150019478755002225
367499998260114150019488755002225
367499998260114150019498755002225
367499998260114150019508755002225
367499998260114150019638755002225
367499998260114150022618755002225
367499998260114160023238755002225
367499998260114160023268755002225
367499998260114160023288755002225
367499998260114160023298755002225
367499998260114160023308755002225
367499998260114160023328755002225
367499998260114160023338755002225
367499998260114160023348755002225
367499998260114160023478755002225
367499998260114160023498755002225
367499998260114160023538755002225
367499998260114160023558755002225
367499998260114160023578755002225
367499998260114160026028755002225
367499998260114160026918755002225
367499998260114160026928755002225
367499998260114150018158755002225
367499998260114150018168755002225
367499998260114150022588755002225
367499998260114150022598755002225
367499998260114160023248755002225
367499998260114160023358755002225
367499998260114160023368755002225
367499998260114160023378755002225
367499998260114160023388755002225
367499998260114160023408755002225
367499998260114160023508755002225
367499998260114160023518755002225
367499998260114160023528755002225
367499998260114160023568755002225
367499998260114160023588755002225
367499998260114160023608755002225
367499998260114160023618755002225
367499998260114160023628755002225
367499998260114160023638755002225
367499998260114160023648755002225
367499998260114160024318755002225
367499998260114160024338755002225
367499998260114160024898755002225
367499998260114160026898755002225
367499998260114150018228755002225
367499998260114150022608755002225
367499998260114160023598755002225
367499998260114160024328755002225
367499998260114160024348755002225
367499998260114160024358755002225
367499998260114160024628755002225
367499998260114160024638755002225
367499998260114160024758755002225
367499998260114160024848755002225
367499998260114160024868755002225
367499998260114160024878755002225
367499998260114160024888755002225
367499998260114160024908755002225
367499998260114160024918755002225
367499998260114160024938755002225
367499998260114160024948755002225
367499998260114160024978755002225
367499998260114160024988755002225
367499998260114160024998755002225
367499998260114160025008755002225
367499998260114160025028755002225
367499998260114160025078755002225
367499998260114160027848755002225
367499998260114150018198755002225
367499998260114160023398755002225
367499998260114160024258755002225
367499998260114160024558755002225
367499998260114160024578755002225
367499998260114160024648755002225
367499998260114160024668755002225
367499998260114160024708755002225
367499998260114160024768755002225
367499998260114160024778755002225
367499998260114160024798755002225
367499998260114160024808755002225
367499998260114160024838755002225
367499998260114160024858755002225
367499998260114160024968755002225
367499998260114160025018755002225
367499998260114160025058755002225
367499998260114160025068755002225
367499998260114160025088755002225
367499998260114160026908755002225
367499998260114160027078755002225
367499998260114160027088755002225
367499998260114160027118755002225
367499998260114160027128755002225
367499998260114150018148755002225
367499998260114150018238755002225
367499998260114160024308755002225
367499998260114160024568755002225
367499998260114160024588755002225
367499998260114160024608755002225
367499998260114160024658755002225
367499998260114160024678755002225
367499998260114160024688755002225
367499998260114160024718755002225
367499998260114160024728755002225
367499998260114160027018755002225
367499998260114160027038755002225
367499998260114160027048755002225
367499998260114160027058755002225
367499998260114160027138755002225
367499998260114160027148755002225
367499998260114160027158755002225
367499998260114160027168755002225
367499998260114160027178755002225
367499998260114160027188755002225
367499998260114160027258755002225
367499998260114160027288755002225
367499998260114160027308755002225
367499998260114150018208755002225
367499998260114150020838755002225
367499998260114150020858755002225
367499998260114150020868755002225
367499998260114150020878755002225
367499998260114150020888755002225
367499998260114150021988755002225
367499998260114150021998755002225
367499998260114150022028755002225
367499998260114160023868755002225
367499998260114160023888755002225
367499998260114160023908755002225
367499998260114160023928755002225
367499998260114160023988755002225
367499998260114160024008755002225
367499998260114160024198755002225
367499998260114160027028755002225
367499998260114160027198755002225
367499998260114160027208755002225
367499998260114160027218755002225
367499998260114160027238755002225
367499998260114160027278755002225
367499998260114160027298755002225
367499998260114160027328755002225
367499998260114150021978755002225
367499998260114160023838755002225
367499998260114160023848755002225
367499998260114160023858755002225
367499998260114160023878755002225
367499998260114160023898755002225
367499998260114160023918755002225
367499998260114160023938755002225
367499998260114160023948755002225
367499998260114160023958755002225
367499998260114160023978755002225
367499998260114160024028755002225
367499998260114160024048755002225
367499998260114160024128755002225
367499998260114160024148755002225
367499998260114160024278755002225
367499998260114160024698755002225
367499998260114160024958755002225
367499998260114160025948755002225
367499998260114160025968755002225
367499998260114160027228755002225
367499998260114160027268755002225
367499998260114160027348755002225
367499998260114160027368755002225
367499998260114150020848755002225
367499998260114150022008755002225
367499998260114150022018755002225
367499998260114160023778755002225
367499998260114160024068755002225
367499998260114160024088755002225
367499998260114160024138755002225
367499998260114160024158755002225
367499998260114160024218755002225
367499998260114160024388755002225
367499998260114160024398755002225
367499998260114160024418755002225
367499998260114160024448755002225
367499998260114160024468755002225
367499998260114160024488755002225
367499998260114160024528755002225
367499998260114160024548755002225
367499998260114160024928755002225
367499998260114160025048755002225
367499998260114160025958755002225
367499998260114160025988755002225
367499998260114160026608755002225
367499998260114160026628755002225
367499998260114160026938755002225
367499998260114160023788755002225
367499998260114160023808755002225
367499998260114160023828755002225
367499998260114160023968755002225
367499998260114160023998755002225
367499998260114160024018755002225
367499998260114160024038755002225
367499998260114160024188755002225
367499998260114160024228755002225
367499998260114160024238755002225
367499998260114160024378755002225
367499998260114160024408755002225
367499998260114160024458755002225
367499998260114160024478755002225
367499998260114160024518755002225
367499998260114160024538755002225
367499998260114160024748755002225
367499998260114160025938755002225
367499998260114160025978755002225
367499998260114160026538755002225
367499998260114160026588755002225
367499998260114160026618755002225
367499998260114160026648755002225
367499998260114160027358755002225
367499998260114160023258755002225
367499998260114160023278755002225
367499998260114160023318755002225
367499998260114160023548755002225
367499998260114160024058755002225
367499998260114160024168755002225
367499998260114160024248755002225
367499998260114160024268755002225
367499998260114160024498755002225
367499998260114160024788755002225
367499998260114160026388755002225
367499998260114160026398755002225
367499998260114160026408755002225
367499998260114160026488755002225
367499998260114160026498755002225
367499998260114160026568755002225
367499998260114160027248755002225
367499998260114190030688755002225
367499998260114190032108755002225
367499998260114190033378755002225
367499998260114190033398755002225
367499998260114190033418755002225
367499998260114190033428755002225
367499998260114190033488755002225
367499998260114150018178755002225
367499998260114160023818755002225
367499998260114160024078755002225
367499998260114160024428755002225
367499998260114160024508755002225
367499998260114160024598755002225
367499998260114160024818755002225
367499998260114160025038755002225
367499998260114160026358755002225
367499998260114160026368755002225
367499998260114160026378755002225
367499998260114160026478755002225
367499998260114160026508755002225
367499998260114160026518755002225
367499998260114160026528755002225
367499998260114160026578755002225
367499998260114160026598755002225
367499998260114160026638755002225
367499998260114160027338755002225
367499998260114190030708755002225
367499998260114190030728755002225
367499998260114190032168755002225
367499998260114190033388755002225
367499998260114190033408755002225
367499998260114150022628755002225
367499998260114160024108755002225
367499998260114160024118755002225
367499998260114160024178755002225
367499998260114190030678755002225
367499998260114190030698755002225
367499998260114190030718755002225
367499998260114190031868755002225
367499998260114190031988755002225
367499998260114190031998755002225
367499998260114190032008755002225
367499998260114190032018755002225
367499998260114190032038755002225
367499998260114190032058755002225
367499998260114190032078755002225
367499998260114190032098755002225
367499998260114190032118755002225
367499998260114190032138755002225
367499998260114190032158755002225
367499998260114190033438755002225
367499998260114190033448755002225
367499998260114190033458755002225
367499998260114190033468755002225
367499998260114190033478755002225
367499998260114160027488755002225
367499998260114190030868755002225
367499998260114190031758755002225
367499998260114190031768755002225
367499998260114190031818755002225
367499998260114190031828755002225
367499998260114190031838755002225
367499998260114190031848755002225
367499998260114190031858755002225
367499998260114190031878755002225
367499998260114190031888755002225
367499998260114190031898755002225
367499998260114190031908755002225
367499998260114190031918755002225
367499998260114190031928755002225
367499998260114190031948755002225
367499998260114190031958755002225
367499998260114190031968755002225
367499998260114190031978755002225
367499998260114190032028755002225
367499998260114190032048755002225
367499998260114190032068755002225
367499998260114190032128755002225
367499998260114190032148755002225
367499998260114190029808755002225
367499998260114190030888755002225
367499998260114190030908755002225
367499998260114190031588755002225
367499998260114190031598755002225
367499998260114190031628755002225
367499998260114190031658755002225
367499998260114190031668755002225
367499998260114190031678755002225
367499998260114190031698755002225
367499998260114190031708755002225
367499998260114190031748755002225
367499998260114190031778755002225
367499998260114190031788755002225
367499998260114190031798755002225
367499998260114190031808755002225
367499998260114190031938755002225
367499998260114190032088755002225
367499998260114190032788755002225
367499998260114190032808755002225
367499998260114190032888755002225
367499998260114190032908755002225
367499998260114190032918755002225
367499998260114190032988755002225
367499998260114190029788755002225
367499998260114190029828755002225
367499998260114190031578755002225
367499998260114190031638755002225
367499998260114190031688755002225
367499998260114190031718755002225
367499998260114190031728755002225
367499998260114190032718755002225
367499998260114190032728755002225
367499998260114190032738755002225
367499998260114190032768755002225
367499998260114190032778755002225
367499998260114190032818755002225
367499998260114190032828755002225
367499998260114190032858755002225
367499998260114190032868755002225
367499998260114190032878755002225
367499998260114190032898755002225
367499998260114190032928755002225
367499998260114190032938755002225
367499998260114190032948755002225
367499998260114190032958755002225
367499998260114190032978755002225
367499998260114190033008755002225
367499998260114150018188755002225
367499998260114150018218755002225
367499998260114150022578755002225
367499998260114160023488755002225
367499998260114160024738755002225
367499998260114160024828755002225
367499998260114160027098755002225
367499998260114160027798755002225
367499998260114160027818755002225
367499998260114190029798755002225
367499998260114190031608755002225
367499998260114190031648755002225
367499998260114190032568755002225
367499998260114190032598755002225
367499998260114190032618755002225
367499998260114190032638755002225
367499998260114190032668755002225
367499998260114190032678755002225
367499998260114190032698755002225
367499998260114190032748755002225
367499998260114190032758755002225
367499998260114190032798755002225
367499998260114190032848755002225
367499998260114190032998755002225
367499998260114160023798755002225
367499998260114160024098755002225
367499998260114160024208755002225
367499998260114160024298755002225
367499998260114160024368755002225
367499998260114160024438755002225
367499998260114160024618755002225
367499998260114160026548755002225
367499998260114160027068755002225
367499998260114160027108755002225
367499998260114190031618755002225
367499998260114190032348755002225
367499998260114190032488755002225
367499998260114190032498755002225
367499998260114190032528755002225
367499998260114190032538755002225
367499998260114190032628755002225
367499998260114190032658755002225
367499998260114190032688755002225
367499998260114190032708755002225
367499998260114190032968755002225
367499998260114190033088755002225
367499998260114190033108755002225
367499998260114190033128755002225
367499998260114160023678755002225
367499998260114160023708755002225
367499998260114160026658755002225
367499998260114190029128755002225
367499998260114190029138755002225
367499998260114190029658755002225
367499998260114190029708755002225
367499998260114190029858755002225
367499998260114190029868755002225
367499998260114190029878755002225
367499998260114190029888755002225
367499998260114190029898755002225
367499998260114190029908755002225
367499998260114190029918755002225
367499998260114190029938755002225
367499998260114190029948755002225
367499998260114190030138755002225
367499998260114190030178755002225
367499998260114190030188755002225
367499998260114190030928755002225
367499998260114190031038755002225
367499998260114190031068755002225
367499998260114190035158755002225
367499998260114190035188755002225
367499998260114150019758755002225
367499998260114160024288755002225
367499998260114190029528755002225
367499998260114190029738755002225
367499998260114190029768755002225
367499998260114190032298755002225
367499998260114190032308755002225
367499998260114190032318755002225
367499998260114190032358755002225
367499998260114190032378755002225
367499998260114190032388755002225
367499998260114190032398755002225
367499998260114190032408755002225
367499998260114190032508755002225
367499998260114190032518755002225
367499998260114190032548755002225
367499998260114190032608755002225
367499998260114190032648755002225
367499998260114190033018755002225
367499998260114190033028755002225
367499998260114190033038755002225
367499998260114190033048755002225
367499998260114190033098755002225
367499998260114190033118755002225
367499998260114190029378755002225
367499998260114190029398755002225
367499998260114190029478755002225
367499998260114190029518755002225
367499998260114190029558755002225
367499998260114190029578755002225
367499998260114190029588755002225
367499998260114190029718755002225
367499998260114190029728755002225
367499998260114190029758755002225
367499998260114190029778755002225
367499998260114190032238755002225
367499998260114190032258755002225
367499998260114190032328755002225
367499998260114190032338755002225
367499998260114190032578755002225
367499998260114190032588755002225
367499998260114190033078755002225
367499998260114190034548755002225
367499998260114190034558755002225
367499998260114190035258755002225
367499998260114190035278755002225
367499998260114190036638755002225
367499998260114190036658755002225
367499998260114160023178755002225
367499998260114160023188755002225
367499998260114160023198755002225
367499998260114160023658755002225
367499998260114160023668755002225
367499998260114160023688755002225
367499998260114160026558755002225
367499998260114160027318755002225
367499998260114190029638755002225
367499998260114190029748755002225
367499998260114190032248755002225
367499998260114190032278755002225
367499998260114190032288755002225
367499998260114190032478755002225
367499998260114190033348755002225
367499998260114190033368755002225
367499998260114190034568755002225
367499998260114190035128755002225
367499998260114190035178755002225
367499998260114190035198755002225
367499998260114190035248755002225
367499998260114190035268755002225
367499998260114190035288755002225
367499998260114190036618755002225
367499998260114160023168755002225
367499998260114160026668755002225
367499998260114160026678755002225
367499998260114160026688755002225
367499998260114160026698755002225
367499998260114160026778755002225
367499998260114160026788755002225
367499998260114160026798755002225
367499998260114160026818755002225
367499998260114160026848755002225
367499998260114160026858755002225
367499998260114160026868755002225
367499998260114160026888755002225
367499998260114160028878755002225
367499998260114160028918755002225
367499998260114190029428755002225
367499998260114190029438755002225
367499998260114190029458755002225
367499998260114190029548755002225
367499998260114190029598755002225
367499998260114190029608755002225
367499998260114190029618755002225
367499998260114190030798755002225
367499998260114190030808755002225
367499998260114150019768755002225
367499998260114150019778755002225
367499998260114150019788755002225
367499998260114150019798755002225
367499998260114150019808755002225
367499998260114160023118755002225
367499998260114160023128755002225
367499998260114160023138755002225
367499998260114160023148755002225
367499998260114160023158755002225
367499998260114160023208755002225
367499998260114160026708755002225
367499998260114160026828755002225
367499998260114160027838755002225
367499998260114190029508755002225
367499998260114190031738755002225
367499998260114190032368755002225
367499998260114190033058755002225
367499998260114190033318755002225
367499998260114190033328755002225
367499998260114190033338755002225
367499998260114190033358755002225
367499998260114190035208755002225
367499998260114190035218755002225
367499998260114160025428755002225
367499998260114160026878755002225
367499998260114160028898755002225
367499998260114190029248755002225
367499998260114190029288755002225
367499998260114190029298755002225
367499998260114190029318755002225
367499998260114190029328755002225
367499998260114190029348755002225
367499998260114190029628755002225
367499998260114190030818755002225
367499998260114190030828755002225
367499998260114190030838755002225
367499998260114190030918755002225
367499998260114190030938755002225
367499998260114190030968755002225
367499998260114190030978755002225
367499998260114190030988755002225
367499998260114190031098755002225
367499998260114190031118755002225
367499998260114190031148755002225
367499998260114190033178755002225
367499998260114190035118755002225
367499998260114190035228755002225
367499998260114160025398755002225
367499998260114160025408755002225
367499998260114160025418755002225
367499998260114160025438755002225
367499998260114160026838755002225
367499998260114190029158755002225
367499998260114190029168755002225
367499998260114190029178755002225
367499998260114190029188755002225
367499998260114190029198755002225
367499998260114190029218755002225
367499998260114190029238755002225
367499998260114190029268755002225
367499998260114190029308755002225
367499998260114190029668755002225
367499998260114190030198755002225
367499998260114190030218755002225
367499998260114190030878755002225
367499998260114190030898755002225
367499998260114190030958755002225
367499998260114190031008755002225
367499998260114190031028755002225
367499998260114190031138755002225
367499998260114190033158755002225
367499998260114160023218755002225
367499998260114160026808755002225
367499998260114190029488755002225
367499998260114190029568755002225
367499998260114190029678755002225
367499998260114190029838755002225
367499998260114190030078755002225
367499998260114190030088755002225
367499998260114190030098755002225
367499998260114190030208755002225
367499998260114190030228755002225
367499998260114190030238755002225
367499998260114190030248755002225
367499998260114190031048755002225
367499998260114190032838755002225
367499998260114190033188755002225
367499998260114190034528755002225
367499998260114190034538755002225
367499998260114190035138755002225
367499998260114190035148755002225
367499998260114190035168755002225
367499998260114190035238755002225
367499998260114190036628755002225
367499998260114190036668755002225
367499998260114190029358755002225
367499998260114190029368755002225
367499998260114190029388755002225
367499998260114190029468755002225
367499998260114190029498755002225
367499998260114190029818755002225
367499998260114190029988755002225
367499998260114190030028755002225
367499998260114190030048755002225
367499998260114190030118755002225
367499998260114190030128755002225
367499998260114190030148755002225
367499998260114190030168755002225
367499998260114190031058755002225
367499998260114190031078755002225
367499998260114190032178755002225
367499998260114190032218755002225
367499998260114190032228755002225
367499998260114190032558755002225
367499998260114190033068755002225
367499998260114190033148755002225
367499998260114190033168755002225
367499998260114190034518755002225
367499998260114190036648755002225
367499998260114160023698755002225
367499998260114160025448755002225
367499998260114190029278755002225
367499998260114190029408755002225
367499998260114190029418755002225
367499998260114190029538755002225
367499998260114190029648755002225
367499998260114190029688755002225
367499998260114190029698755002225
367499998260114190029848755002225
367499998260114190029928755002225
367499998260114190029968755002225
367499998260114190030008755002225
367499998260114190030068755002225
367499998260114190030108755002225
367499998260114190030158755002225
367499998260114190030448755002225
367499998260114190030468755002225
367499998260114190030488755002225
367499998260114190031088755002225
367499998260114190032188755002225
367499998260114190032198755002225
367499998260114190032208755002225
367499998260114190032268755002225
367499998260114160023228755002225
367499998260114190029118755002225
367499998260114190029148755002225
367499998260114190029208755002225
367499998260114190029228755002225
367499998260114190029258755002225
367499998260114190029338755002225
367499998260114190029448755002225
367499998260114190029958755002225
367499998260114190029978755002225
367499998260114190029998755002225
367499998260114190030018755002225
367499998260114190030038755002225
367499998260114190030058755002225
367499998260114190030438755002225
367499998260114190030478755002225
367499998260114190030848755002225
367499998260114190030858755002225
367499998260114190030948755002225
367499998260114190030998755002225
367499998260114190031018755002225
367499998260114190031108755002225
367499998260114190031128755002225
367499998260114190033138755002225
